125 250 500 1000 2000 4000 
11.2 14.5 19.0 20.3 17.3 14.1 
125 250 500 1000 2000 4000 
30.9 23.3 19.7 24.4 15.9 15.0 
125 250 500 1000 2000 4000 
13.5 14.7 13.6 16.7 23.4 15.5 
125 250 500 1000 2000 4000 
18.2 10.8 8.4 9.9 7.9 9.9 
125 250 500 1000 2000 4000 
13.7 8.4 11.4 15.6 17.2 12.1 
125 250 500 1000 2000 4000 
11.1 14.8 11.0 16.4 35.1 20.4 
125 250 500 1000 2000 4000 
41.0 26.2 11.1 12.6 15.0 9.0 
125 250 500 1000 2000 4000 
17.6 14.6 11.0 13.6 12.5 15.0 
125 250 500 1000 2000 4000 
18.1 18.5 11.9 13.7 21.7 24.8 
125 250 500 1000 2000 4000 
13.2 13.2 16.9 13.0 10.0 7.7 
