125 250 500 1000 2000 4000 
0.546245813369751 0.9348249435424805 1.6837587356567383 3.0891342163085938 5.826295852661133 11.824628114700317 
125 250 500 1000 2000 4000 
1.3494741916656494 2.259230852127075 4.2409868240356445 7.8433778285980225 15.11676812171936 28.987014055252075 
125 250 500 1000 2000 4000 
2.6283912658691406 4.482234001159668 8.277787923812866 15.431822061538696 30.33989405632019 58.32126212120056 
125 250 500 1000 2000 4000 
3.744389772415161 6.525545120239258 12.510621070861816 23.583719968795776 44.87251400947571 88.35352492332458 
125 250 500 1000 2000 4000 
5.456206798553467 9.015164136886597 15.993990182876587 31.051732063293457 59.743128061294556 117.15114712715149 
