100 200 300 400 500 
82.7 82.6 82.7 82.6 82.6 
100 200 300 400 500 
82.6 84.4 83.3 83.2 82.8 
100 200 300 400 500 
82.8 82.9 82.7 82.4 82.3 
100 200 300 400 500 
82.6 82.9 82.8 82.8 83.2 
100 200 300 400 500 
82.5 82.5 82.8 82.7 82.8 
100 200 300 400 500 
83.0 82.9 82.8 82.8 82.7 
100 200 300 400 500 
82.9 82.7 82.7 82.9 82.7 
100 200 300 400 500 
82.7 82.7 82.3 82.5 82.6 
100 200 300 400 500 
82.8 82.6 82.9 82.5 82.6 
100 200 300 400 500 
82.8 82.7 82.6 82.6 82.3 
100 200 300 400 500 
82.4 82.4 82.4 82.4 82.3 
100 200 300 400 500 
82.4 82.5 82.4 82.2 82.1 
100 200 300 400 500 
82.4 82.1 82.3 82.3 82.2 
100 200 300 400 500 
82.3 82.4 83.6 84.2 83.9 
100 200 300 400 500 
83.6 83.7 83.6 83.4 83.5 
100 200 300 400 500 
83.0 83.0 82.6 82.9 82.3 
100 200 300 400 500 
82.3 82.3 82.2 82.3 82.3 
